# Aset tambahan yang ditemukan 2026-09-26 (pemindai pemilik + Output Studio)
# SOLA1 (50)
77689842937490,84423547673948,119152412166216,122977734971739,125249617659716,93311621185871,80567234492068,87971936163958,78050904816694,112790604443038,89904755857023,127389225110124,123892660099616,99683772988141,103683705591798,72122073363408,87548578402983,108045272012607,77769392946986,135208026235593,108431735023205,129978543639384,99176187615753,134417083625520,129576367273582,139894010270878,86703794049528,121455909597741,131098694966036,78142489551253,85713201610605,91794793627240,87139979076377,95705952895696,108289623023011,110163791208884,101973045617233,83859342370219,102980879374921,82758285377289,125637599110429,129435344695370,139139086294174,93675489458121,78543900697164,89568188948490,118118931049859,129399983101959,104815442720660,75748445707475
# SOLA2 (50)
71281799088478,72064072001832,120888767401677,84662905720521,109817026553801,80920121230444,84193385658770,105576387956054,122942235513014,127737930583871,84245173038824,139626176234051,116415673429507,92016294854363,97274399710651,132619029735609,78331891588202,101283918442028,81581355711497,109391690409394,113060795029156,132187597456783,113354576694670,94064379323463,123765513485781,140057917248923,72446447639807,74447919175926,78951660852049,124783254142952,129770056314239,98122921395761,94943802871048,94143030891869,87062930710375,88201690340926,83884306818084,97273514290522,131651408087986,89803542974926,137311866069227,96519828264068,134049419694274,91632059793309,138810633937563,78676084049123,80273934807778,111582536285284,128547807092062,73113145559819
# SOLA3 (50)
81669918463348,137400909402868,84199158208169,126948457461261,100817811361709,128262073495298,136588887010208,138546362146287,82441074068900,115999792431340,108218240287315,127927088797801,81142416574356,102616960981156,95654687775972,118784767301690,78351041749664,116848458397008,78430563065041,133522025853584,137528571167170,136735575785839,83108529998062,75161020562340,137277141507046,73906986055684,99807954530989,120823830462150,135233393762583,107993541994512,137647520840566,121945787044512,128889018764491,117742183743334,135830636256545,115316335524665,91963902599824,90355262070460,105650413599497,115191147814703,99684773354166,133638392512308,93799686040167,137052381679138,73899783348185,88224335326160,128326456590776,106891261040787,110504304559701,93468683747647
# SOLA4 (35)
118454261076658,128346234212294,100066092337362,85512486529564,93143794939871,119112780563825,129034268146986,90975102675787,121285706706352,105583517512845,105896061222964,108120596521228,78693589801072,100881052562294,88283841482538,90291060614877,96796868582539,102782542806615,71856688898851,81647311574985,127651456108537,89944012658637,71273710206076,132651080988904,88373489992987,74466497589545,113312472233489,120817976174862,100331730968138,86799194696065,93869377718033,95399105090392,92552116589519,79623224009199,73096666096975
# SICK (6)
103146051481281,114098967848747,140351608326194,117192989821189,114222555780956,105402475361806
# Image MaterialVariant Dinding/Lantai/Lantai 2/ceramic (milik SICK FAMS)
87775938124245,130584362891695,112021875786692,92251711321859,117968827200056,119775983746897,120801967911135,75975102090636,71902042593516,78267680742536,110490656761835,96416409177371
# Ikon tool Sign, animasi sapu (terbang, idle), aset runtime
81550090256492,115410396577254,118703314621593,104480765599189
